10200
64843
6664
59272
161357
6715
84733
1789
79650
80328
10213
55839
10165
29968
55765
29980
2617
23198
163720
5433
990
10926
203068
85320
56942
56935
8833
898
6564
79801
7804
8894
23594
5982
994
6637
6790
10799
113115
79172
64785
51692
64943
51072
11013
4175
51200
146956
9919
51256
6538
285629
10615
4605
4651
1258
79954
5690
23590
84790
4998
88745
144568
9688
908
55388
9718
1033
2023
7388
10943
10575
56888
22948
23234
494143
57116
9133
151648
54443
3838
10721
5888
246243
1058
993
51253
1111
8099
10130
81610
5214
221150
92291
23397
57707
8318
6491
55247
90381
79369
983
84057
890
3066
3015
4678
440567
55355
79838
509
153830
991
91283
11004
9837
9156
7272
79723
8624
64151
79465
11339
768
113130
4953
80329
55165
699
8140
387103
84908
55248
1869
9319
1870
2146
891
29089
2237
55635
55010
27161
401546
80021
5347
151246
168455
83592
9833
51512
4085
24137
23555
3159
374897
3832
245973
6941
3735
1476
81930
6502
51602
55789
55143
91687
54892
1062
83879
83903
90417
10112
11065
57650
11321
29127
8565
22974
93081
8208
5902
5901
283987
56992
9928
2175
2187
10024
54847
27289
2618
9212
332
81624
57222
26227
57129
25803
2173
