10200
64843
6664
59272
161357
6715
84733
1789
79650
80328
10213
55839
10165
29968
55765
29980
2617
23198
163720
5433
990
10926
203068
85320
56942
56935
8833
898
6564
79801
7804
8894
23594
5982
994
6637
6790
10799
113115
79172
64785
51692
64943
51072
11013
4175
51200
146956
9919
51256
6538
285629
10615
4605
4651
1258
79954
5690
23590
84790
4998
88745
144568
9688
908
55388
9718
1033
2023
7388
10943
10575
56888
22948
23234
494143
57116
9133
151648
54443
3838
10721
5888
246243
1058
993
51253
1111
8099
10130
81610
5214
221150
92291
23397
57707
8318
6491
55247
90381
